Time, SR_out, T_out, RH_out, Ws_out, W_out, VPD_out, SR_in, T_in, Tsoil, RH_in, W_in, Ws_in, VPD_in
4:00, 0, 13.7, 33.2, 0.01066, 0.0035, 1.0473, 0, 13.7, 15.7, 33.2, 0.0035, 0.01066, 1.0473
4:15, 0, 13.28, 35.28, 0.01037, 0.00362, 0.987, 0, 16.5, 15.6, 27.9, 0.00353, 0.01285, 1.3575
4:30, 0, 12.85, 37.35, 0.01007, 0.00373, 0.929, 0, 17, 15.5, 27.4, 0.00359, 0.01327, 1.4102
4:45, 0, 12.43, 39.43, 0.0098, 0.00383, 0.874, 0, 16.9, 15.4, 28.2, 0.00365, 0.01312, 1.3797
5:00, 0, 12, 41.5, 0.00952, 0.00392, 0.821, 0, 16.5, 15.4, 29.5, 0.00372, 0.01282, 1.3246
5:15, 2.08, 11.88, 41.4, 0.00944, 0.00387, 0.815, 1.6, 16.3, 15.4, 30.2, 0.00377, 0.01266, 1.2955
5:30, 4.17, 11.75, 41.3, 0.00936, 0.00383, 0.81, 3.3, 16.2, 15.3, 30.6, 0.00378, 0.01254, 1.2763
5:45, 6.25, 11.63, 41.2, 0.00929, 0.00379, 0.805, 4.9, 16.1, 15.3, 30.8, 0.00379, 0.01245, 1.2626
6:00, 8.33, 11.5, 41.1, 0.00921, 0.00375, 0.799, 6.5, 15.9, 15.3, 31, 0.00378, 0.01236, 1.2509
6:15, 44.44, 12.58, 37.98, 0.0099, 0.00372, 0.904, 34.8, 16.9, 15.5, 29, 0.00376, 0.01316, 1.3682
6:30, 80.56, 13.65, 34.85, 0.01062, 0.00366, 1.018, 63, 18.2, 15.7, 26.5, 0.00373, 0.01434, 1.541
6:45, 116.67, 14.73, 31.73, 0.01141, 0.00358, 1.144, 91.2, 19.7, 16, 23.9, 0.00369, 0.01574, 1.7471
7:00, 152.78, 15.8, 28.6, 0.01224, 0.00345, 1.282, 119.5, 21.2, 16.3, 21.4, 0.00362, 0.0173, 1.9783
7:15, 211.11, 16.95, 26.5, 0.01319, 0.00344, 1.42, 165.1, 22.9, 16.7, 19, 0.00357, 0.01926, 2.263
7:30, 269.44, 18.1, 24.4, 0.0142, 0.00341, 1.57, 210.7, 24.7, 17, 16.9, 0.00353, 0.02153, 2.5883
7:45, 327.78, 19.25, 22.3, 0.01529, 0.00335, 1.735, 256.3, 26.5, 17.4, 14.9, 0.00348, 0.02408, 2.9513
8:00, 386.11, 20.4, 20.2, 0.01645, 0.00325, 1.913, 301.9, 28.4, 17.8, 13.2, 0.00342, 0.02693, 3.3531
8:15, 443.75, 21.43, 19.3, 0.01756, 0.00331, 2.061, 347, 30.1, 18.2, 11.8, 0.00339, 0.02993, 3.7673
8:30, 501.39, 22.45, 18.4, 0.01872, 0.00336, 2.218, 392.1, 31.8, 18.6, 10.7, 0.00338, 0.03316, 4.2062
8:45, 559.03, 23.48, 17.5, 0.01996, 0.0034, 2.387, 437.2, 33.5, 18.9, 9.7, 0.00339, 0.0367, 4.6804
9:00, 616.67, 24.5, 16.6, 0.02126, 0.00343, 2.565, 482.2, 35.2, 19.3, 8.9, 0.0034, 0.04057, 5.192
9:15, 660.42, 25.48, 15.6, 0.02259, 0.00342, 2.752, 516.4, 36.8, 19.6, 8.2, 0.0034, 0.04449, 5.705
9:30, 704.17, 26.45, 14.6, 0.02398, 0.00339, 2.949, 550.7, 38.3, 19.9, 7.5, 0.0034, 0.04862, 6.2397
9:45, 747.92, 27.43, 13.6, 0.02546, 0.00334, 3.161, 584.9, 39.8, 20.3, 6.9, 0.00338, 0.05306, 6.8108
10:00, 791.67, 28.4, 12.6, 0.027, 0.00328, 3.383, 619.1, 41.3, 20.6, 6.3, 0.00336, 0.05786, 7.4202
10:15, 827.78, 28.95, 12.03, 0.02792, 0.00323, 3.516, 647.3, 42.5, 20.8, 5.9, 0.00332, 0.06182, 7.9179
10:30, 863.89, 29.5, 11.45, 0.02886, 0.00317, 3.653, 675.6, 43.5, 21.1, 5.5, 0.00328, 0.06559, 8.3878
10:45, 900, 30.05, 10.88, 0.02983, 0.00311, 3.795, 703.8, 44.5, 21.3, 5.2, 0.00323, 0.06942, 8.8614
11:00, 936.11, 30.6, 10.3, 0.03083, 0.00304, 3.942, 732, 45.5, 21.5, 4.8, 0.00318, 0.07342, 9.3506
11:15, 956.25, 31, 10.08, 0.03158, 0.00304, 4.043, 747.8, 46.2, 21.7, 4.6, 0.00314, 0.07668, 9.7439
11:30, 976.39, 31.4, 9.85, 0.03234, 0.00304, 4.146, 763.5, 46.9, 21.8, 4.4, 0.00312, 0.07972, 10.1068
11:45, 996.53, 31.8, 9.63, 0.03313, 0.00304, 4.252, 779.3, 47.6, 22, 4.2, 0.0031, 0.08275, 10.4646
12:00, 1016.67, 32.2, 9.4, 0.03392, 0.00304, 4.36, 795, 48.2, 22.1, 4.1, 0.00308, 0.08585, 10.8266
12:15, 1021.53, 32.53, 8.9, 0.0346, 0.00293, 4.467, 798.8, 48.7, 22.2, 3.9, 0.00304, 0.08827, 11.111
12:30, 1026.39, 32.85, 8.4, 0.03526, 0.00282, 4.573, 802.6, 49.1, 22.3, 3.8, 0.00298, 0.09042, 11.3663
12:45, 1031.25, 33.18, 7.9, 0.03596, 0.0027, 4.684, 806.4, 49.5, 22.3, 3.6, 0.0029, 0.09254, 11.6191
13:00, 1036.11, 33.5, 7.4, 0.03665, 0.00257, 4.794, 810.2, 49.9, 22.4, 3.4, 0.00281, 0.09465, 11.8705
13:15, 1025, 33.7, 7.35, 0.03708, 0.00258, 4.851, 801.6, 50.1, 22.4, 3.3, 0.00275, 0.09571, 11.9992
13:30, 1013.89, 33.9, 7.3, 0.03753, 0.00259, 4.908, 792.9, 50.2, 22.4, 3.2, 0.00271, 0.09639, 12.0818
13:45, 1002.78, 34.1, 7.25, 0.03797, 0.00261, 4.966, 784.2, 50.3, 22.4, 3.2, 0.00268, 0.09694, 12.1472
14:00, 991.67, 34.3, 7.2, 0.03842, 0.00262, 5.024, 775.5, 50.4, 22.4, 3.1, 0.00266, 0.09744, 12.2061
14:15, 966.67, 34.4, 7.13, 0.03865, 0.00261, 5.056, 755.9, 50.3, 22.3, 3.1, 0.00265, 0.097, 12.1596
14:30, 941.67, 34.5, 7.05, 0.03888, 0.00259, 5.088, 736.4, 50.2, 22.3, 3.1, 0.00263, 0.09624, 12.0758
14:45, 916.67, 34.6, 6.98, 0.03911, 0.00258, 5.12, 716.8, 50, 22.2, 3.2, 0.00262, 0.09536, 11.9794
15:00, 891.67, 34.7, 6.9, 0.03934, 0.00256, 5.153, 697.3, 49.9, 22.1, 3.2, 0.0026, 0.09445, 11.8793
15:15, 851.39, 34.78, 6.75, 0.03953, 0.00252, 5.184, 665.8, 49.6, 22, 3.2, 0.00258, 0.0929, 11.7075
15:30, 811.11, 34.85, 6.6, 0.03969, 0.00247, 5.213, 634.3, 49.2, 21.9, 3.2, 0.00255, 0.0911, 11.5076
15:45, 770.83, 34.93, 6.45, 0.03988, 0.00243, 5.244, 602.8, 48.9, 21.7, 3.2, 0.00252, 0.08928, 11.3045
16:00, 730.56, 35, 6.3, 0.04004, 0.00238, 5.273, 571.3, 48.5, 21.6, 3.2, 0.00248, 0.08743, 11.0987
16:15, 680.56, 35, 6.2, 0.04004, 0.00234, 5.279, 532.2, 48, 21.4, 3.2, 0.00244, 0.08504, 10.8286
16:30, 630.56, 35, 6.1, 0.04004, 0.0023, 5.285, 493.1, 47.5, 21.2, 3.3, 0.0024, 0.08252, 10.5404
16:45, 580.56, 35, 6, 0.04004, 0.00227, 5.29, 454, 47, 21, 3.3, 0.00236, 0.07999, 10.2509
17:00, 530.56, 35, 5.9, 0.04004, 0.00223, 5.296, 414.9, 46.4, 20.8, 3.4, 0.00233, 0.07753, 9.9655
17:15, 475.69, 34.93, 5.9, 0.03988, 0.00222, 5.275, 372, 45.8, 20.6, 3.4, 0.0023, 0.07477, 9.6428
17:30, 420.83, 34.85, 5.9, 0.03969, 0.00221, 5.252, 329.1, 45.1, 20.4, 3.5, 0.00227, 0.07196, 9.31
17:45, 365.97, 34.78, 5.9, 0.03953, 0.0022, 5.232, 286.2, 44.4, 20.2, 3.6, 0.00225, 0.06923, 8.9839
18:00, 311.11, 34.7, 5.9, 0.03934, 0.00219, 5.209, 243.3, 43.8, 19.9, 3.7, 0.00224, 0.06657, 8.6629
18:15, 256.25, 34.43, 5.98, 0.03872, 0.00219, 5.127, 200.4, 42.9, 19.7, 3.8, 0.00222, 0.06351, 8.2899
18:30, 201.39, 34.15, 6.05, 0.03808, 0.00218, 5.044, 157.5, 42.1, 19.5, 4, 0.00221, 0.06041, 7.9077
18:45, 146.53, 33.88, 6.13, 0.03748, 0.00217, 4.964, 114.6, 41.2, 19.2, 4.2, 0.0022, 0.05742, 7.5359
19:00, 91.67, 33.6, 6.2, 0.03687, 0.00217, 4.884, 71.7, 40.3, 18.9, 4.4, 0.00219, 0.05454, 7.1748
19:15, 69.44, 32.75, 6.85, 0.03505, 0.00228, 4.624, 54.3, 39.2, 18.7, 4.7, 0.00222, 0.05127, 6.7561
19:30, 47.22, 31.9, 7.5, 0.03332, 0.00238, 4.377, 36.9, 38.1, 18.5, 5.1, 0.00226, 0.04806, 6.337
19:45, 25, 31.05, 8.15, 0.03167, 0.00247, 4.141, 19.6, 37, 18.3, 5.5, 0.00232, 0.04501, 5.9331
20:00, 2.78, 30.2, 8.8, 0.0301, 0.00254, 3.917, 2.2, 35.9, 18.1, 6, 0.00238, 0.04213, 5.5481
20:15, 2.08, 29.55, 9.18, 0.02894, 0.00255, 3.758, 1.6, 35, 18, 6.4, 0.00243, 0.0401, 5.2737
20:30, 1.39, 28.9, 9.55, 0.02783, 0.00255, 3.605, 1.1, 34.3, 17.8, 6.8, 0.00246, 0.03839, 5.0424
20:45, 0.69, 28.25, 9.93, 0.02676, 0.00256, 3.457, 0.5, 33.6, 17.7, 7.1, 0.00249, 0.03683, 4.8306
21:00, 0, 27.6, 10.3, 0.02572, 0.00255, 3.314, 0, 32.9, 17.6, 7.5, 0.00251, 0.03535, 4.6305
21:15, 0, 27.73, 10.03, 0.02592, 0.00251, 3.35, 0, 32.8, 17.6, 7.5, 0.00251, 0.03506, 4.592
21:30, 0, 27.85, 9.75, 0.02611, 0.00245, 3.384, 0, 32.8, 17.6, 7.5, 0.00249, 0.03515, 4.6053
21:45, 0, 27.98, 9.48, 0.02632, 0.0024, 3.42, 0, 32.9, 17.6, 7.3, 0.00247, 0.03536, 4.6381
22:00, 0, 28.1, 9.2, 0.02651, 0.00235, 3.454, 0, 33, 17.6, 7.2, 0.00243, 0.03561, 4.6763
22:15, 0, 28.03, 9.3, 0.0264, 0.00236, 3.436, 0, 33, 17.6, 7.1, 0.00242, 0.03559, 4.6764
22:30, 0, 27.95, 9.4, 0.02627, 0.00238, 3.417, 0, 32.9, 17.6, 7.1, 0.00241, 0.03547, 4.6612
22:45, 0, 27.88, 9.5, 0.02616, 0.00239, 3.399, 0, 32.9, 17.6, 7.2, 0.0024, 0.03532, 4.6423
23:00, 0, 27.8, 9.6, 0.02604, 0.00241, 3.379, 0, 32.8, 17.6, 7.2, 0.0024, 0.03516, 4.6201
23:15, 0, 26.65, 11, 0.02427, 0.00258, 3.11, 0, 32, 17.5, 7.7, 0.00245, 0.03347, 4.3858
23:30, 0, 25.5, 12.4, 0.02262, 0.00272, 2.86, 0, 30.9, 17.4, 8.4, 0.00253, 0.03138, 4.0929
23:45, 0, 24.35, 13.8, 0.02107, 0.00282, 2.628, 0, 29.7, 17.2, 9.3, 0.00261, 0.02927, 3.7938
0:00, 0, 23.2, 15.2, 0.01961, 0.0029, 2.412, 0, 28.6, 17, 10.3, 0.00269, 0.02725, 3.5051
0:15, 0, 22.1, 17.03, 0.01831, 0.00304, 2.208, 0, 27.4, 16.9, 11.4, 0.00279, 0.0254, 3.2358
0:30, 0, 21, 18.85, 0.01709, 0.00315, 2.019, 0, 26.2, 16.7, 12.6, 0.00289, 0.02368, 2.9824
0:45, 0, 19.9, 20.68, 0.01594, 0.00323, 1.844, 0, 25.1, 16.6, 13.9, 0.00298, 0.02207, 2.7442
1:00, 0, 18.8, 22.5, 0.01486, 0.00328, 1.682, 0, 24, 16.4, 15.3, 0.00306, 0.02056, 2.5209
1:15, 0, 18.28, 23.85, 0.01437, 0.00337, 1.6, 0, 23.2, 16.3, 16.5, 0.00315, 0.01963, 2.3787
1:30, 0, 17.75, 25.2, 0.01389, 0.00344, 1.52, 0, 22.6, 16.2, 17.5, 0.00323, 0.0189, 2.263
1:45, 0, 17.23, 26.55, 0.01343, 0.00351, 1.444, 0, 22, 16.1, 18.6, 0.00331, 0.01824, 2.159
2:00, 0, 16.7, 27.9, 0.01298, 0.00357, 1.371, 0, 21.5, 16.1, 19.6, 0.00338, 0.01761, 2.0599
2:15, 0, 16.65, 27.63, 0.01293, 0.00352, 1.372, 0, 21.3, 16, 20.1, 0.00342, 0.01737, 2.0201
2:30, 0, 16.6, 27.35, 0.01289, 0.00347, 1.373, 0, 21.2, 16, 20.3, 0.00343, 0.01726, 2.0014
2:45, 0, 16.55, 27.08, 0.01285, 0.00343, 1.373, 0, 21.1, 16, 20.4, 0.00343, 0.01718, 1.9909
3:00, 0, 16.5, 26.8, 0.01281, 0.00338, 1.374, 0, 21, 16, 20.4, 0.00342, 0.01712, 1.9841
3:15, 0, 16.23, 27.9, 0.01258, 0.00346, 1.33, 0, 20.8, 16, 20.7, 0.00343, 0.0169, 1.9508
3:30, 0, 15.95, 29, 0.01236, 0.00353, 1.287, 0, 20.6, 15.9, 21.2, 0.00346, 0.01662, 1.9068
3:45, 0, 15.68, 30.1, 0.01214, 0.00361, 1.245, 0, 20.3, 15.9, 21.9, 0.0035, 0.01633, 1.86
4:00, 0, 15.4, 31.2, 0.01192, 0.00367, 1.204, 0, 20, 15.9, 22.6, 0.00355, 0.01604, 1.8112
4:15, 0, 15.05, 33.03, 0.01165, 0.0038, 1.146, 0, 19.7, 15.8, 23.5, 0.00362, 0.01569, 1.7523
4:30, 0, 14.7, 34.85, 0.01139, 0.00392, 1.09, 0, 19.3, 15.8, 24.6, 0.0037, 0.01534, 1.6898
4:45, 0, 14.35, 36.68, 0.01113, 0.00404, 1.036, 0, 18.9, 15.7, 25.7, 0.00379, 0.01499, 1.6262
5:00, 0, 14, 38.5, 0.01087, 0.00414, 0.983, 0, 18.6, 15.7, 27, 0.00389, 0.01465, 1.5628
5:15, 2.78, 13.75, 40.28, 0.01069, 0.00426, 0.939, 2.2, 18.3, 15.6, 28.2, 0.00399, 0.01439, 1.511
5:30, 5.56, 13.5, 42.05, 0.01052, 0.00438, 0.897, 4.3, 18.1, 15.6, 29.4, 0.0041, 0.01417, 1.4631
5:45, 8.33, 13.25, 43.83, 0.01035, 0.00449, 0.855, 6.5, 17.8, 15.6, 30.6, 0.00421, 0.01396, 1.4167
6:00, 11.11, 13, 45.6, 0.01018, 0.0046, 0.815, 8.7, 17.6, 15.5, 31.9, 0.00432, 0.01375, 1.3713
6:15, 47.22, 13.75, 43.78, 0.01069, 0.00464, 0.884, 36.9, 18.3, 15.7, 31.1, 0.0044, 0.01438, 1.4486
6:30, 83.33, 14.5, 41.95, 0.01124, 0.00467, 0.959, 65.2, 19.3, 15.9, 29.7, 0.00448, 0.01535, 1.576
6:45, 119.44, 15.25, 40.13, 0.0118, 0.00468, 1.038, 93.4, 20.4, 16.1, 28, 0.00453, 0.01649, 1.7293
7:00, 155.56, 16, 38.3, 0.0124, 0.00469, 1.122, 121.6, 21.6, 16.4, 26.3, 0.00458, 0.01774, 1.9003
7:15, 214.58, 17.3, 35.25, 0.01349, 0.00469, 1.279, 167.8, 23.3, 16.7, 23.9, 0.00461, 0.01975, 2.1789
7:30, 273.61, 18.6, 32.2, 0.01467, 0.00465, 1.453, 214, 25.2, 17.1, 21.4, 0.00462, 0.02222, 2.5236
7:45, 332.64, 19.9, 29.15, 0.01594, 0.00456, 1.647, 260.1, 27.2, 17.5, 19, 0.0046, 0.02507, 2.9218
8:00, 391.67, 21.2, 26.1, 0.0173, 0.00443, 1.861, 306.3, 29.2, 17.9, 16.7, 0.00455, 0.02829, 3.3719